185
160 176 0 32
192 160 0 32
224 144 0 32
256 128 0 32
288 112 0 32
256 96 0 32
224 112 0 32
224 144 0 32
192 128 0 32
160 144 0 32
128 160 0 32
256 64 0 32
288 80 0 32
320 96 0 32
352 112 0 32
384 128 0 32
416 144 0 32
448 160 0 32
480 176 0 32
448 192 0 32
416 176 0 32
384 160 0 32
352 144 0 32
320 128 0 32
288 144 0 32
256 160 0 32
224 176 0 32
192 192 0 32
160 208 0 32
256 96 0 32
224 80 0 32
192 96 0 32
160 112 0 32
128 128 0 32
96 144 0 32
64 160 0 32
96 176 0 32
128 192 0 32
192 224 0 32
224 240 0 32
256 256 0 32
224 208 0 32
288 272 0 32
320 256 0 32
352 240 0 32
384 224 0 32
416 208 0 32
256 288 0 32
224 272 0 32
192 256 0 32
160 240 0 32
128 224 0 32
96 208 0 32
64 192 0 32
32 176 0 32
288 304 0 32
320 288 0 32
352 272 0 32
384 256 0 32
416 240 0 32
448 224 0 32
480 208 0 32
512 192 0 32
384 192 0 32
352 208 0 32
320 224 0 32
288 240 0 32
256 224 0 32
288 208 0 32
352 176 0 32
320 192 0 32
288 176 0 32
256 192 0 32
320 160 0 32
256 64 384 480
256 32 384 448
224 80 192 480
224 48 192 448
192 96 192 480
192 64 192 448
160 112 320 480
160 80 320 448
128 128 192 480
128 96 192 448
96 144 192 480
96 112 192 448
64 160 192 480
64 128 192 448
32 176 64 480
32 144 64 448
192 128 128 224
192 96 128 192
256 224 0 544
224 208 64 544
192 192 192 544
224 176 448 544
256 160 448 544
288 144 576 544
320 160 384 608
352 144 576 576
352 144 576 544
384 160 512 544
416 176 512 544
448 192 384 544
416 208 128 544
384 224 0 544
352 208 64 544
320 192 576 608
288 208 128 544
288 176 320 544
256 192 320 544
352 176 320 544
384 192 320 544
320 128 0 352
320 96 0 320
288 160 384 416
288 128 384 384
352 144 576 416
288 240 256 800
224 240 192 864
224 208 192 832
224 176 192 800
448 224 128 864
448 192 128 832
448 160 128 800
320 224 64 800
320 192 64 768
416 240 128 736
416 208 128 704
384 256 128 736
384 224 128 704
160 144 576 736
160 112 576 704
416 144 576 800
416 112 576 768
0 192 0 32
32 208 0 32
64 224 0 32
96 240 0 32
128 256 0 32
160 272 0 32
192 288 0 32
224 304 0 32
256 320 0 32
224 336 0 32
192 320 0 32
160 304 0 32
128 288 0 32
96 272 0 32
64 256 0 32
32 240 0 32
0 224 0 32
64 224 0 960
64 192 0 928
64 160 0 896
64 128 0 864
160 304 512 960
160 336 512 992
160 272 512 928
160 240 512 896
160 208 512 864
96 224 448 864
96 208 448 864
96 240 448 896
96 272 448 928
96 304 448 960
224 304 576 960
224 272 576 928
224 240 576 896
224 208 576 864
256 32 576 736
256 0 576 704
-100 -100 0 0
192 352 0 32
160 336 0 32
128 320 0 32
96 304 0 32
64 288 0 32
32 272 0 32
0 256 0 32
-32 240 0 32
-32 208 0 32
160 336 512 992
160 304 512 960
96 304 448 960
