64
192 112 0 32
160 128 0 32
128 144 0 32
160 160 0 32
192 144 0 32
224 128 0 32
224 96 0 32
256 112 0 32
256 80 0 32
288 96 0 32
320 112 0 32
288 128 0 32
256 144 0 32
224 160 0 32
192 176 0 32
224 192 0 32
256 176 0 32
288 160 0 32
320 144 0 32
352 128 0 32
384 144 0 32
352 160 0 32
320 176 0 32
288 192 0 32
256 208 0 32
288 224 0 32
320 208 0 32
352 192 0 32
384 176 0 32
416 160 0 32
96 160 0 32
128 176 0 32
160 192 0 32
192 208 0 32
224 224 0 32
256 240 0 32
64 176 0 32
96 192 0 32
128 208 0 32
160 224 0 32
192 240 0 32
224 256 0 32
32 192 0 32
64 208 0 32
96 224 0 32
128 240 0 32
160 256 0 32
192 272 0 32
224 288 0 32
256 272 0 32
288 256 0 32
320 240 0 32
352 224 0 32
384 208 0 32
416 192 0 32
448 176 0 32
256 304 0 32
288 288 0 32
320 272 0 32
352 256 0 32
384 240 0 32
416 224 0 32
448 208 0 32
480 192 0 32
