43
64 112 0 832
64 144 0 864
64 176 0 896
64 208 0 928
64 240 0 960
64 272 0 992
160 144 64 864
160 176 64 896
160 208 64 928
160 240 64 960
160 272 64 992
224 160 128 896
224 192 128 928
224 224 128 960
224 256 128 992
288 160 192 896
288 192 192 928
288 224 192 960
288 256 192 992
352 80 256 896
352 112 256 928
352 144 256 960
352 160 256 992
416 80 320 896
416 112 320 928
416 144 320 960
416 176 320 992
480 96 384 896
480 128 384 928
32 304 448 864
32 336 448 896
32 368 448 928
32 400 448 960
32 432 448 992
96 320 512 864
96 352 512 896
96 384 512 928
96 416 512 960
96 448 512 992
160 320 576 864
160 352 576 896
160 384 576 928
160 416 576 960
