156
0 448 3 
64 448 4 
32 448 4 
128 448 4 
96 448 4 
160 448 4 
224 448 4 
192 448 4 
256 448 4 
288 448 4 
320 448 4 
384 448 4 
352 448 4 
416 448 4 
448 448 5 
608 448 3 
608 416 3 
640 416 4 
672 416 5 
640 448 4 
672 448 4 
704 448 4 
736 448 4 
768 448 4 
800 416 3 
800 384 3 
800 352 0 
832 352 1 
864 352 1 
896 352 1 
928 352 1 
960 352 2 
960 384 5 
960 416 5 
960 448 5 
800 448 4 
832 448 4 
832 416 4 
832 384 4 
864 384 4 
896 384 4 
928 384 4 
928 416 4 
864 416 4 
896 416 4 
864 448 4 
896 448 4 
928 448 4 
1056 448 3 
1056 416 3 
1056 384 3 
1056 352 3 
1056 320 0 
1088 320 1 
1120 320 1 
1152 320 2 
1152 352 5 
1152 384 5 
1088 352 4 
1120 352 4 
1120 384 4 
1088 384 4 
1152 416 4 
1184 416 4 
1120 416 4 
1088 416 4 
1120 448 4 
1088 448 4 
1152 448 4 
1184 448 4 
1216 448 4 
1248 448 4 
1280 416 0 
1312 416 1 
1344 416 1 
1376 384 0 
1408 416 4 
1376 416 4 
1280 448 4 
1312 448 4 
1344 448 4 
1376 448 4 
1408 448 4 
1408 352 0 
1440 352 1 
1472 352 2 
1472 384 5 
1472 416 5 
1472 448 5 
1408 384 4 
1440 384 4 
1440 416 4 
1440 448 4 
1568 448 3 
1568 416 3 
1568 384 3 
1568 352 0 
1600 352 2 
1600 384 5 
1600 416 5 
1600 448 5 
1664 448 3 
1664 384 3 
1664 416 3 
1664 352 3 
1664 320 3 
1664 288 0 
1696 288 2 
1696 320 5 
1696 352 5 
1728 384 1 
1760 384 1 
1792 384 1 
1824 384 1 
1856 384 1 
1888 352 3 
1888 320 0 
1920 320 1 
1952 320 1 
1984 320 2 
1984 352 5 
1984 384 5 
1984 416 5 
1984 448 5 
1696 384 4 
1888 384 4 
1920 352 4 
1952 352 4 
1920 384 4 
1952 384 4 
1696 416 4 
1728 416 4 
1760 416 4 
1792 416 4 
1824 416 4 
1856 416 4 
1888 416 4 
1920 416 4 
1952 416 4 
1696 448 4 
1728 448 4 
1760 448 4 
1792 448 4 
1824 448 4 
1856 448 4 
1888 448 4 
1920 448 4 
1952 448 4 
2144 416 0 
2144 448 3 
2176 416 1 
2208 416 1 
2240 416 1 
2176 448 4 
2208 448 4 
2240 448 4 
