148
0 448 3 
0 416 0 
32 416 1 
96 416 1 
64 416 1 
128 416 1 
160 416 1 
192 416 1 
224 416 1 
256 416 1 
288 416 1 
320 416 1 
352 384 0 
384 384 1 
416 384 2 
448 416 1 
480 416 1 
512 416 1 
544 416 1 
576 416 1 
608 384 3 
608 352 0 
640 352 1 
672 352 1 
704 352 1 
736 352 2 
736 384 5 
736 416 5 
768 448 1 
800 448 1 
832 448 1 
864 448 1 
896 448 1 
928 448 1 
960 416 3 
960 384 3 
960 352 0 
992 352 1 
1024 352 2 
1024 384 5 
1056 416 1 
1088 416 1 
1120 416 1 
1152 416 1 
1184 416 1 
1216 416 1 
1248 416 1 
1280 416 1 
1312 384 0 
1344 352 0 
1376 352 2 
1408 384 1 
1440 384 1 
1472 384 1 
1504 384 1 
1536 384 1 
1568 352 3 
1568 320 0 
1600 320 1 
1632 320 2 
1632 352 5 
1632 384 5 
1664 416 1 
1696 416 1 
1728 416 1 
1792 416 1 
1760 416 1 
1824 416 2 
1824 448 5 
1792 448 4 
1728 448 4 
1760 448 4 
1696 448 4 
1664 448 4 
1632 448 4 
1632 416 4 
1600 448 4 
1600 416 4 
1600 384 4 
1600 352 4 
1568 384 4 
1568 416 4 
1568 448 4 
1536 448 4 
1536 416 4 
1376 384 4 
1344 384 4 
1312 416 4 
1344 416 4 
1376 416 4 
1408 416 4 
1440 416 4 
1472 416 4 
1504 416 4 
1504 448 4 
1472 448 4 
1440 448 4 
1376 448 4 
1408 448 4 
1344 448 4 
1312 448 4 
1280 448 4 
1248 448 4 
1216 448 4 
1184 448 4 
1152 448 4 
1120 448 4 
1088 448 4 
1056 448 4 
992 384 4 
992 416 4 
1024 416 4 
1024 448 4 
992 448 4 
960 448 4 
736 448 4 
608 416 4 
672 384 4 
640 384 4 
640 416 4 
704 416 4 
704 384 4 
672 416 4 
704 448 4 
640 448 4 
672 448 4 
608 448 4 
576 448 4 
544 448 4 
512 448 4 
480 448 4 
448 448 4 
416 448 4 
416 416 4 
384 416 4 
352 416 4 
352 448 4 
384 448 4 
320 448 4 
288 448 4 
256 448 4 
224 448 4 
192 448 4 
128 448 4 
64 448 4 
32 448 4 
96 448 4 
160 448 4 
